-1.4312602137724 -6.27057794010322 26.963801409271
22.5153008114285 -6.83031802166824 35.4410033326973
43.3480989084839 -10.0661989602426 61.2873011369613
-8.33409011688695 -8.86715943067249 56.7547013018019
-6.69625027982366 -1.2745180098378 26.9664016549951
35.1730998165952 -5.60174833325196 45.6376013638257
-10.0421001876392 -6.30982862693137 39.1624004255082
2.63560924665605 36.9226014086177 41.9742044295487
23.8358000201142 -20.5417986170365 48.4879996858857
32.245299939472 -14.4793984949651 48.2563029529833
32.8501006485091 6.26872188517623 40.3334029262686
19.6874993670443 27.7685006485032 41.6670029637684
30.3674994863051 18.6531008179175 41.0665045131854
-13.436500631279 26.6080015162737 35.1581029788117
-7.39926005373685 -16.2754976398282 40.1809019518636
-8.15886033377509 5.13483128203506 41.6306019591184
-8.61407071024865 32.6855025490386 35.8180042541506
7.70390997923608 -18.6628994716175 40.8511018080123
-10.2040005082605 18.0762013305519 40.0220015712789
48.1725999443616 -10.1746996669298 77.6905991217346
-3.66466013000035 -5.57511004926382 71.2388014466273
-2.74102092747831 53.1920014209226 61.4886062050247
21.415001170108 -27.5545009302233 75.7640993615767
46.2653004896073 23.0453006551917 70.2958016861087
29.5610002723682 38.8979006052297 66.6574054657928
11.4870991251121 49.4430015414433 62.9278029990555
-13.8183006766042 34.4903981937988 63.2059013498557
-19.4790008552227 47.6348002269166 60.9074019791446
-3.57936993262975 -20.1837011425191 73.2481997602714
-5.72692040536219 14.6279001078485 67.3134023999087
-4.03283087268671 47.7193987967814 53.1230049506848
22.1800991205419 -26.0543982550153 61.6044014304312
13.8423994941187 16.5134010574856 31.314503447381
15.1241993728185 33.6417997218928 81.3996992492237
39.1722980960124 -21.6788997757512 77.473900600272
39.051998078311 -19.1262001363676 85.1175007204269
37.0159000450817 -20.1926981045343 62.576801674608
37.2211000080777 -13.385600287354 87.8165979939118
34.647300911444 -5.66542044309029 90.407701361939
48.9786989029344 -5.79246002567352 85.5551003258792
2.25213977581395 2.78367966362335 79.0169008268223
23.0396001492937 -24.7457012738802 83.5378044900969
16.3614994806416 25.8112996422858 83.442804878821
3.02741002625757 -15.8166004271274 81.1671989515248
47.2775984489886 27.5739992377695 79.4676008966996
50.5484007329524 5.3407505046852 74.7057058455187
49.0329016642908 12.0103000479605 84.0027031619749
44.3693997215282 3.51624121816572 57.7765027727946
43.5201986605017 12.8696998056542 87.609598213917
36.1106986769874 12.1886995403258 91.1727011974881
34.3893994140982 30.4539999960443 80.9860030590378
33.9309995347581 21.8101998474084 84.0214026539943
18.1835982615159 42.076598757416 81.5046046389887
6.91593912246713 52.9546995015368 83.7805061736011
30.2031985754082 19.2973996319942 87.5581995437937
28.8586996016942 17.7809994747096 90.5282994753903
-2.58339098319201 58.5964010708668 68.9856074585426
8.05362927293481 41.2363006165751 81.6516076207899
26.9602992182412 44.8278010277866 78.2190057497858
9.25824904637158 56.7743001050239 71.5917023480923
-15.7035008729843 50.3662988662731 69.6482050995175
-9.5977007220073 39.4831007885844 73.0209005755045
-10.9777009535339 56.2845989801895 68.5532043675816
-0.527126919591671 55.3130986464303 78.6006053000056
-0.382295032512358 63.1729008496761 74.3143056688825
2.18015916541261 49.6057004687667 83.1451070262401
8.67617906373293 57.1776005896818 82.3994033682579
6.14706898785262 62.2840997433272 78.4164016134247
-8.5789808506127 49.8871986017327 77.285702062054
-9.72691092076507 54.7028997315161 74.1995052906616
-8.34213043171621 10.6850018289634 29.935001220199
10.8617992148082 40.9430020407138 52.1224016011169
28.0241993578792 30.3077002127455 53.2909040655314
40.1264985157886 18.5187013271694 54.2615034863809
-18.5072007858417 40.4254998200003 48.5543016384776
-7.96640995085945 -21.1603995038625 58.4164017236069
-8.16674034676116 8.2058406641289 54.7835031033826
-13.2748006033201 27.0201007711019 51.0682019978288
8.33734972603825 -1.83594777614435 26.2229015970572
-3.31395045608297 11.7575021233094 25.0838012600171
-14.0527009236956 52.8214992963274 60.9571042113739
4.10362016865226 -27.6408001010214 74.5273973938731
9.38681013684227 -24.0040003952294 82.278198553603
-6.41117099055601 59.7891008322282 72.9887055226021
-14.5797008643572 46.5387998201857 49.6559029173772
3.30130013018178 -27.0447994273406 59.9590004235524
13.816600061057 -17.7830014813299 85.3582008365066
18.8604999597251 -9.62534056063989 88.4665002090872
-0.718054496416967 22.6431998402861 74.4197037658761
6.18394944136033 27.8840007733923 77.7866999975479
6.27993959852441 16.5042986246884 80.9796014628329
-1.19328071222616 39.5936996481956 78.3755075630521
-3.58017082023669 48.1637984980498 80.9002039706082
8.23165963567574 14.3188994657999 84.9116993560849
13.4612996731187 12.0823993588422 88.6608982400537
44.6030998554067 -1.75498021449991 88.3434995247105
6.39193976493341 4.27899951948914 83.2508028883659
24.896700074735 -18.6387003877159 86.484100773048
15.579899555266 20.7129984705366 86.879305640991
7.71816996419322 -10.5893005228069 84.5245981872056
38.0894997993049 2.92492957019983 91.0936987582066
11.0444997772247 4.115689354356 88.0761048709258
24.1289997862206 3.66697945883546 89.5348988223751
27.1266989724994 -10.4497004932863 89.3593991530092
20.0759996049943 17.3778984039887 89.561701474898
12.9638998850844 -4.05209061729749 88.0129024832486
0.0854848410254316 -9.94761805831235 29.9074012333727
2.80994990779282 -14.2502982432641 34.6119010255518
-3.6044802364089 -4.62751794842827 26.5293024910101
-5.53982026110411 -2.76271797313843 26.5106005826649
1.4410797690067 -5.07022787192366 26.3208024596211
5.0634297469171 -3.44494781059613 26.0348015283557
-1.23197027745153 -1.7936278371199 24.8274016191383
-1.69170035728021 4.10286219855867 23.9384018970664
33.7178989785835 -16.8140986598785 52.1818018402285
35.4754980159066 -18.8403998722311 57.197498741361
9.94397964924807 13.5154994224505 86.316599314753
12.0272996627495 12.7143993849128 87.7022042727503
7.09312967255011 11.4211994829214 84.2267022223683
6.56663971485318 8.11830950653826 83.5757010683345
10.0035996015297 17.0095994572456 85.5926004787484
12.3875995728112 19.2951994551866 86.307505581099
12.2094997056874 9.58109935354038 88.4214041251942
11.4047997407771 6.895769352187 88.2237030007518
16.6653997059798 9.63917938873513 88.9264011185658
20.9864007524352 6.18157942931844 89.2787039470866
15.296499645533 14.2128993700582 88.9387003362714
17.5251006226362 15.9931993851651 89.2444024152139
42.3489988352626 -0.0692112922790997 89.3649006086255
39.8572998141672 1.68783962699738 90.3821046963876
6.42276982995948 -0.603631490596314 83.4741986589602
6.80533990276542 -6.02287051135353 84.0238054036111
8.07712976776931 4.34136945988612 84.994103887757
9.81929977317979 4.21944939795059 86.8031028783722
25.6949010389193 -15.7599004274303 87.5542989065915
26.5347000000302 -12.6499004662238 88.6166010509072
16.8541995755275 19.347199438099 87.9285985741626
18.7148985930243 18.1771994173504 88.8940985152998
9.61992993615514 -8.26507055788843 85.8068022923832
11.5832999062256 -5.79545059284553 87.1037004042606
33.952998795428 3.1448095371991 90.6318987772202
28.2653997900973 3.4471094918349 89.9966978033622
14.92139977989 3.98273938531477 88.5083028565405
20.252099783555 3.79992942788134 89.1026018367605
11.2402998142744 1.30151936049112 88.0006047383309
11.8798998507326 -1.45928063005636 87.979402607311
32.0759005833012 11.1152019001915 39.7958011555372
31.3012995267973 15.446801872782 40.1613033606223
28.227500613123 8.25935202686787 36.0156000294765
22.572999565758 11.3488020978885 32.9119021864635
37.4425996762743 4.96537171028714 45.3495008554061
41.2557977029631 3.9090114761225 51.4082007977812
25.0170988414142 -0.5157325269801 89.4829046240451
26.238399917305 -6.26693050747379 89.4114013513424
22.9281007325239 7.7294694425862 89.542803015715
21.2768986586909 13.3153994202423 89.5537052815577
20.8208008155136 1.37983943627892 89.0839017218928
16.272099855791 -1.76492059474094 88.4638995837323
23.1372994058796 24.7216017265538 40.9764008134094
27.2219004498857 21.335502797652 40.6125016457849
18.5058983874533 25.7540017721581 38.7018038716269
16.5655984229855 22.5342029039688 35.3494027244646
22.5527983702398 27.990500549247 44.5867029681794
25.8803003705151 28.6129014030013 48.6369049904271
27.0919984889844 17.954202921384 37.9417024872354
21.774798491254 17.2999019938302 34.9026014676673
33.7495985025101 17.9288027143575 44.2233034720629
37.1828985133813 17.8459015410888 48.8786034609599
-13.0404006633567 28.9524015456819 34.6435040880982
-11.3335006898321 30.9895015579918 34.8619031801983
-12.6038005941047 23.987102470881 36.3589008539575
-11.2924005509522 21.0048024049783 38.1311027111229
-11.2830005676031 21.2890016935172 31.9908037244523
-9.47307050110732 15.9693018033479 30.1620034707814
-15.420800691387 31.8006012988385 39.2287022268787
-17.2087007441091 36.5211990583822 43.844703452363
-3.95765002955559 -18.030897616062 40.6437008621845
1.0222999815438 -18.8328975613034 40.8797008140572
-8.44936000942928 -18.670797936406 46.1994028415595
-8.57195997506383 -20.2874992286022 52.3857007658792
-8.33949039115717 9.3256313237665 40.6913011563428
-9.13697045549557 14.0993013405594 40.1093013822403
-8.17746036666523 6.99718146670843 37.6937010466334
-8.27725040197685 9.00278166210728 33.5056021410476
-8.26302033500172 5.80841110887635 45.2878019909756
-8.34587033845612 6.80777088947965 49.9354000380903
-6.26898063726711 26.4836027817843 31.5230039579184
-4.54617055380565 19.5920009758607 27.876103630597
-11.0591007725044 38.1321002984332 40.4651025151155
-13.1521008241012 42.7811020499458 45.1662027378776
7.91935988306994 -12.5698981196726 33.4189010937529
8.55513979591219 -6.74723788372594 28.5746013659128
5.41357004909201 -22.8603978230719 47.6888016156617
4.06068009643656 -25.4431981361332 53.9730004971863
-9.75377049764787 16.7156005015224 36.508803506425
-9.08327047168828 14.1780016802152 32.8932023858241
-11.2539005386188 20.8191001845181 42.8355017023195
-12.4070005717097 23.9405009863021 46.7309028513554
26.2306998705785 -10.5472981963503 40.2058001503063
29.4766009105787 -12.901998351782 44.4286010328886
20.5767987129044 0.0452841230785239 31.81370165972
17.9883996148674 7.23637215502775 30.4049020029261
27.9796008063672 -5.94422809827557 38.6101013628438
32.085200810026 -5.66364820882219 42.1193023674021
17.0762997774062 -4.9438478904703 31.1168014327269
12.1702997477956 -3.16865781799842 28.1929015264104
21.8329999041947 -13.1541982354444 39.8002020370924
22.4733009739455 -17.7059974410101 44.3568998219464
46.2135010031804 -14.5875997034013 77.915604918571
43.2555010538532 -18.4328987387345 77.8351977441654
48.9477999449642 -9.57449984767756 81.7568981482987
49.2448999338558 -8.30149997176832 84.4824002074687
49.5839998787427 -5.33592961154225 76.9087003460518
50.366401808208 -0.159251554447513 75.9134005875615
-3.86484005479558 -11.1474000861195 71.9671031853129
-3.96448998876781 -16.035900118602 72.6306009559055
-3.71800021486995 0.67864299888523 70.198701740483
-4.30329030818342 7.51716005593359 68.8193990629224
-1.75897015109343 -3.44757018147551 74.589997542558
0.266519816767742 -0.622472271328153 77.073098671002
1.62294908365995 52.3933984656629 61.7645041583504
6.41305909932611 51.2807015076483 62.219006096028
-2.9293509069682 51.1790015550049 58.581005110868
-3.35840088752245 49.242500687088 55.64820502081
-2.73194094664279 55.0744022929958 64.2147032934235
-2.73764096444452 56.8160021760335 66.7032053752398
-6.7942209321371 53.5155983758387 61.3075032287351
-10.591500930846 53.3912013335419 61.1391032308655
21.4716001612094 -27.5426997339076 71.6005023620122
21.7516991444847 -27.0416995042605 66.7901993849564
28.0054001550738 -26.3136998737632 76.4171984060198
33.9676021297737 -24.3110998212785 76.9781044875642
21.6791001708087 -27.0737000846095 79.1252983836058
22.2761001634402 -26.1122001962617 81.6704034275146
15.0154001793767 -28.3303999926908 75.2926033385698
9.11415017924108 -28.3853000514435 74.8823013483824
41.0269994147426 28.5370016363693 69.2220029550574
35.6449003413722 33.9119006167637 68.1244002188218
47.0745004797438 24.5573014393365 75.1191047554294
47.6025004666826 26.0592002942825 78.3559068248661
48.9684975726939 17.0009006200444 71.8050023965225
50.1402016541774 11.0760005651648 73.303202115765
44.3213995018344 21.3190998665233 65.2493996091095
42.5059005109101 19.7727000968705 59.834303540286
23.3031002119673 43.2372025902165 65.2155036827534
17.1924981628299 46.7549025681935 63.9643018608134
29.0477992463578 41.5094994078653 70.7148015895393
28.3553992295902 43.3967022156276 74.6126056796365
29.6117983037953 35.8387998076644 62.3619033219978
29.1872993339199 32.8583000097048 57.9410051828928
10.7918990941456 52.2616003913157 65.928303132907
10.0200990676985 54.7158012468546 68.7866022498034
12.0072991579402 46.4415027017089 59.6622048569805
11.8265991903695 43.4056028718011 55.9901047147613
-16.4102007502607 39.8870012110655 62.1087036087807
-18.5557008112027 44.3689992203266 61.3076018238087
-10.9366005926781 28.3452001720449 64.48020505516
-8.06281050129743 21.6521001454803 65.8547007347456
-13.1140006933481 36.2743990500188 66.4652054321727
-11.869200707107 37.7997019231274 69.5171005012036
-14.0255006561895 32.3642013632446 59.5401032504216
-13.8073006317631 29.8659995586016 55.442405132621
-18.6107018610392 48.6068000810262 64.257801022977
-17.2976008647068 49.350497960472 67.1940040551518
-19.6905008416387 46.0130003999224 57.1646039034115
-19.2388998174883 43.5307015998357 53.0356027858677
-18.8700018869127 50.0111012410325 60.7783050894825
-16.9331009095782 51.7305982650918 60.8113021661816
45.5601009251933 -10.4156992014066 67.0442971159003
47.0124019368109 -10.4051994451897 72.643205113344
41.9774019601914 -13.8671990108365 61.9786009613036
39.955101005919 -17.2574990577489 62.4081008063049
44.0467988504805 -5.83253890566364 60.3220003343525
44.2392007889225 -1.35889884923961 59.1749015440789
40.4865988818354 -8.98366872213752 55.4126021938171
37.535300847315 -7.25562850004829 49.8536012811816
-1.37698994054546 -19.0387002749794 76.6882028094285
0.895800045455767 -17.5695003663202 79.2725988736656
-5.42215993076605 -20.9973999679112 69.0121007259208
-6.89901993643458 -21.3609997530962 64.0230037119433
-2.24699988707765 -23.5431001502904 73.7886965996801
0.265465146606106 -26.0280001356155 74.1835024776869
-6.90764038038203 12.157200264188 63.6526012863372
-7.69409036068089 9.99631045219891 59.4285031864899
-4.21830043486724 17.3352999870566 70.3097025239096
-2.52957046665511 20.1096988998957 72.6407036506793
0.133382147468678 46.1105008768546 52.5910038663655
5.29445917762591 43.7640009645015 52.1778027453115
-7.2621408733715 47.5836988095379 51.9424059510917
-11.1093008719473 47.2774018174039 50.6920049447829
27.9240001018976 -24.559199204233 62.140099488601
33.0537990777852 -22.6818001522935 62.4782985660124
15.871300131978 -27.0169993095463 60.9894983984641
9.39958013572041 -27.389600368627 60.4255983945519
5.96961950031153 15.4968021155368 27.8625014161616
0.717067516275947 14.0009021314065 26.0461033569271
16.0435004094015 30.9479007124643 81.8592031207589
16.3145994468659 28.2277996824974 82.5735049924244
21.0172993786794 33.2304987903547 81.6010012175304
28.0575993967431 31.8251988949994 81.3549001367394
13.1550993392186 36.1621017020578 81.2677033717389
10.5378993065005 38.6561996616763 81.3907044943842
11.3037993877652 32.366000714368 80.4845001973204
8.63062941491367 30.0962997430214 79.1220050963238
39.3112980978862 -21.2791999340463 80.8831026187544
39.2745020916422 -20.4116000514616 83.3724986595835
38.8419000862273 -21.6298005757546 73.123001603272
38.1091000684935 -21.0981003460051 68.0253986297851
38.5959010597687 -17.5221002020508 86.3874977967304
37.949799035391 -15.5639002444407 87.1081018900653
43.1772000299274 -15.4185000961137 85.4217008859185
46.6264989699462 -10.8538000588311 85.5989010930832
34.1127011142353 -21.9134011809267 84.6757975998813
28.6593001372149 -23.7386002272435 84.1268015256012
-6.94529011307494 -8.30069966512096 62.1370023254928
-5.38663011774895 -7.17183987383355 67.0192043752434
-9.47260013072186 -8.7373191746479 50.9835023102912
-10.1171001550734 -7.84440890252833 45.0087023535852
-8.8507900545453 -13.5071994596979 57.2272010849406
-8.87243999894513 -17.6247994858932 57.7788018915792
-7.79347018663516 -3.67198939983723 56.2504025446879
-7.66512026366261 2.05356063151252 55.6191008133519
40.3614009651239 -10.0921002590797 88.0986031420161
42.9524989126119 -6.08989023386259 88.2911013245623
33.432999039645 -15.8354003190223 87.4245008867969
29.0956990616529 -17.576401353748 86.9429028141281
36.3227999742428 -10.6729003446803 88.7842041232157
35.3420979374747 -7.74025040253671 89.7399002630237
36.3521998779903 -3.0894204340948 90.6960994793559
37.4908978400857 -0.186837429612611 90.9212056133014
31.530700874341 -2.90028047215064 90.149102498364
27.2455008233231 0.901876487894178 89.7935046859522
32.4401019387788 -7.7856304566557 90.0752042669857
29.8989999597713 -9.43015047345656 89.7175991950771
47.98310088786 -4.44481010021853 86.8619013912699
46.4118998721105 -3.13563015589173 87.6048984560623
50.2893978240315 0.107170011773716 85.1268026002373
50.5031007380995 6.50332004510202 84.4774039002207
3.74470976515881 3.85189960576668 80.6688018738633
5.03983976375878 4.15758956379651 81.9269048855023
1.9479598590564 -3.44061036156812 79.4675995351012
2.17745995042687 -10.2071004011597 80.375100216792
1.72252967883869 9.84940973611886 77.3244041598171
0.908139588826616 16.4115997980152 75.7773994697583
3.01473970909928 7.88206965815889 79.3479020646963
4.3110196505114 12.4383996382802 80.1360042759888
23.6277011294475 -23.0315003291529 84.8800965693794
24.2414001036294 -20.9508003588972 85.6860966658229
18.0438001549576 -25.2453993188386 83.0886994771158
13.3101001513525 -25.0384013620042 82.6752014967783
16.0549995088975 23.8441995879606 84.5131027870684
15.5242995334653 22.1805985234094 85.7380017100421
21.754699483146 25.6781996969376 83.7974038612447
27.9798995047617 24.0664007724258 83.9425987724658
12.2220995049952 23.8581996204354 82.7428007957742
8.91468954845991 20.4263986194255 81.8333006415246
4.71238000775142 -14.1863004730602 82.6194010245632
6.18444998691821 -12.4605004979982 83.5646981025343
4.46345007711194 -19.5926994288923 81.6090017711431
6.51994011242887 -22.2120004170285 81.9353036437944
49.304698521036 22.3438001998128 80.8463006467767
49.2694015913672 17.3013991174336 82.5902044100053
44.2473974371712 28.6446991453796 80.581598953354
39.672698425989 29.5323010725123 80.8452030046511
41.7832973710368 33.3965991867504 79.0072051817284
34.2265002913686 39.4070010913124 78.9119064799092
51.3390997292933 6.31305030942177 79.0854048895281
50.9508017100445 8.26529015747147 82.2110999820417
49.0392987327156 4.54207072625157 69.5637988111729
46.9767987309935 3.7810609625815 63.9518027797584
-7.26239021646137 -5.64347814252381 29.6319024509704
-7.84070013599063 -10.9963983670576 34.2494022007539
-7.92212025632402 -2.62570815208729 29.6498005941027
-9.21595022339034 -4.4430083684113 33.8911035114594
-7.06096032691739 2.28228198682906 26.9347018228265
-7.64012038140943 6.55902193322468 27.9129030249244
47.5616986574717 12.7841999521578 85.6281992014147
45.6463006578606 12.912499880186 86.621302211463
45.2130006102379 16.084499001588 83.9147053613641
39.7090985683082 19.2695009247539 84.001200522523
44.1192016512074 8.60821128187556 56.3497030124937
42.2638015801506 13.7895013144087 55.1348022597589
45.1008987188998 8.49110981524756 87.8503060049321
45.3222997894997 3.20172980329942 88.1670017560209
40.9164006651054 12.7315997090894 88.9325052128977
38.1020006719626 12.4222996099659 90.2506052042792
40.0358006215973 15.8050997616695 87.5652033591114
35.1920005948942 17.829699696156 87.5964994643793
37.4504997154563 9.28901955513298 91.2345980584746
38.0634987572802 6.11949956508847 91.1951999083126
32.5605997093527 9.66374951618206 90.6874030863436
27.6790997538553 6.19192948297884 90.0202049335196
34.1100006444062 14.6287995210033 91.0208993163025
31.6513996187099 16.5372994988439 90.8006004111087
35.591998459645 27.125098977656 81.7160059001515
34.9430995016458 24.1270999162393 82.8408997606957
29.9074983621293 34.367598941802 80.8792072522735
23.5740993066167 38.6118998445406 81.1671024649303
32.8362005547292 20.4843007783437 85.1836035940146
31.3782005658119 19.8394997018609 86.4014995667893
12.7769992181697 45.4576986555553 82.1513028091542
7.59377917976156 48.4924005486395 82.9685019625801
14.8744992675549 41.6846996944856 81.9129066275293
11.4149992700544 41.5050996459504 81.9724006263575
22.1900992542142 42.5115008450957 80.7657046510037
26.0461992433719 43.1587979471702 79.6780046733108
2.65009913175196 51.9837985245955 82.0888031369544
0.810588102026497 53.9113005951315 80.0693022313532
5.62617913890282 51.7123984842539 83.7854041179574
3.98782915336884 50.5820994732965 83.5575070683066
7.83970910469668 54.2625995244366 83.5530052330944
8.46471908528291 55.6618995531138 83.1184052975083
34.042899854819 -8.4514983603889 45.8972032323439
32.9646988999877 -11.7130984203799 46.870900081408
34.6003987721437 -2.56029824601836 43.6192035078875
34.1003987134241 1.56464184088962 41.628202702689
25.1560985601583 20.4297995714719 87.4260056075811
19.9637995521255 21.0053005122995 87.2241996455155
29.5769995865025 18.6403995698578 88.7048055142487
29.2339985961122 18.0859995143314 89.7904004889284
27.57229965707 13.5477994710031 90.2451042792548
25.5787997318412 7.82732946395996 89.8339020147457
25.8793995942542 18.2947994497849 90.2203015057797
22.9005995952766 18.1652994258298 89.8918025059518
0.891416017005364 58.6702000905677 69.5443004547127
4.74922902378283 58.284698103984 70.3446014285048
-5.77268097957791 58.2655980456928 68.6238064497013
-8.57896096938248 57.4753990142348 68.5036054184776
-1.91957100193205 60.3526989793989 71.1198015396434
-1.02869101996287 62.017100902248 73.013104615951
5.78960923367732 44.278701564978 82.1128047684478
3.65860919357234 47.4071005086623 82.7119029198657
4.87472927853903 40.6915016103129 80.8901026018752
1.79394928452415 40.0574986232108 79.7483025785645
22.8040001652064 48.503799071965 76.1085019311775
15.7054990978833 53.2015000946822 73.6267051667374
21.1023001805897 48.0624998358705 80.6559029140225
13.4087991363351 51.6866986521941 82.4007071004086
8.17130902319966 58.9499019655317 74.2555054525644
6.98632900227532 60.9230998343301 76.7152065477352
-14.5558008226465 46.699199840015 70.5302999248611
-12.2044007644816 42.4803008177834 71.6655007217588
-15.0665009069357 52.8404009024223 69.0579032143905
-13.2259009330628 54.7629009426017 68.7206003008269
-13.6531008884578 51.8535997996292 71.6442071650718
-11.357900907265 53.5190997580873 73.1747022384823
-8.98327076347562 42.9355997032082 75.0115007363809
-8.72451081418869 46.9893986420869 76.3856009262476
-6.647870647442 33.8120988368772 72.8231003029392
-3.3412005748127 28.4129998527764 73.415401042396
-6.99773070737526 38.6487997424055 74.7359045308574
-4.14226070843232 39.0360976892572 76.6712075430532
-12.1594009433143 55.1665000666517 66.3798033175449
-13.1671009341481 54.0733991715865 63.862103268317
-9.39686096671365 57.5794979129316 70.4301034250846
-7.65031098069175 58.8790018643606 71.9558074824559
-1.43175089015347 53.1948006024686 79.281902202407
-2.67564084967515 50.282100542015 80.2188070682071
-0.484227953049231 57.6418987066506 77.3306014093011
-0.425205999053507 60.844001789456 75.5843015595825
0.275024105594946 53.6220015937902 79.9471022188892
1.37799914022727 51.296699521407 81.7986031073519
1.95187908760523 55.0018006102869 80.0679062801784
5.36060909750088 54.5737985605834 82.0856062529172
1.4503590529841 57.3786006751409 78.5460023928716
4.16948901527551 60.2186997146153 78.4710055205637
-2.91288089915312 53.7053986331864 78.2110032295003
-6.19332087105127 51.4948996149753 77.6753051325596
-3.25296091993931 55.1323006716399 77.2966042972371
-7.00108092041747 54.8837007063064 75.5035062934303
-2.2706109406179 56.6393007014816 76.9378023659593
-4.66778096952999 58.4628977771807 74.6514024566486
-10.2117001356714 -10.2339986310385 39.202100241543
-9.41953008993994 -13.6263986402032 39.6202020805359
-9.29972024205918 -2.1216586384781 39.6172006206709
-8.53140029368371 1.92764132885713 40.5289018092564
1.91849896520552 63.5211978281329 75.4206056804112
4.17394897173061 63.2508007919647 76.8255046629745
-2.58977102358074 62.3742978568918 73.5393036360067
-4.60493100878203 61.1888998498063 73.122906584559
0.282558173750328 48.8796004719207 82.5438039961191
-1.64044082172258 48.4166974821365 81.785007978414
8.42880903799626 58.9588006353124 81.3583034524417
7.59982901131859 60.7597006884761 79.993107538772
-7.17643083479609 48.8909985611075 78.5454070123166
-5.46568082462593 48.3182975256098 79.7827039818243
-9.48014087168752 51.2927016455533 76.0991021299638
-9.89162089558709 52.9323996897701 75.0419052078457
-9.02928094581487 56.4978977701952 73.5724073735092
-7.91647096940795 58.2137988051719 73.1410034517697
-7.99729045219248 11.8198019559333 27.3289012727773
-6.616380461403 12.2671020479307 25.7590032908878
16.5953002580061 37.7159011046651 52.3748054374984
22.645499307671 34.0323991631282 52.8332022517774
9.24113929376912 33.223599536091 41.1197042419336
15.2177993362747 30.0032026167618 41.0846020781194
-1.27304074271515 35.713903476667 39.4252043809825
-5.12233072742823 34.2330035218091 37.3806033195061
-0.132926803884905 41.3984001788079 46.0875056455937
-2.40072084436076 45.085899963618 50.0305028235603
5.72587930741459 31.6976006357064 38.0094021776375
9.21757938255575 25.4451028502676 34.424303876621
6.10625923911688 37.9684993138143 44.9695044713877
8.8961492302097 39.182500190893 48.3718025225522
32.8284984076802 26.5901002617763 53.5994028808249
36.9474974592137 22.7307013049309 53.840101690897
-17.4867007380919 36.8805018138357 48.9728044698235
-15.569200676912 32.392300798075 49.8481022549829
-18.3344998211322 43.0966998216682 48.5674057635833
-16.9836018467918 45.0979008216384 48.9483028547447
-5.71351991278824 -23.9431985026569 59.0248995881661
-1.92400988614336 -25.8794984758974 59.5219004892595
-9.35882043357529 14.5985006996361 53.6920034061539
-11.1137005205892 20.9762997365655 52.4118027094089
5.42936967064823 2.13191225090304 24.8285027895367
1.43474960722354 6.84659222243211 24.3102020193767
-14.7212009102999 51.2794994439012 57.6271061403487
-14.9895008918446 49.2829026180396 53.8442040471303
5.50144016402924 -26.7624002389242 77.8567964321972
7.39519015299894 -25.5247003332103 80.3972024863564
3.31357016532915 -28.0484999165482 70.3776023763821
3.04800015276349 -27.8759986899918 65.4795003850422
26.6520999933727 -18.5959995571038 48.0047997713678
29.8315999635478 -16.3730985053517 47.7980008691029
19.8208010168549 -20.5960985811545 46.5938996917657
14.4213000050906 -20.0998975361425 44.1157007264104
23.2437990550408 -22.6503987825071 51.8442005880861
22.6814990901541 -24.5755990060026 56.4440994988387
10.9039001157845 -22.1935014396009 83.6499026354579
12.3261000898408 -20.0959004608441 84.5025027309976
17.0948010747541 -18.7640004542382 85.7042017835448
20.9267010792073 -19.0407014213523 86.0827037625018
11.2380000387231 -16.1388005021213 85.0749979191504
9.21299000714651 -13.7904005171155 84.8242040337087
15.6392000254202 -14.9052005112061 86.5073019678521
17.5300009869436 -11.8121005403307 87.6596001091671
20.4214989083163 -5.68687055487155 88.7830973908024
22.5678998376287 -0.271445546934219 89.2183016406622
21.4621999719977 -10.513200538176 88.7205971619207
24.2637999761328 -10.7777005154037 89.0244001436143
16.5524999399366 -8.16011058186025 88.2686012827564
14.5576999148193 -6.28538060085108 88.1113983750026
1.36683948094201 24.5764008025487 75.8100008523022
3.66216946150199 26.2014997871146 76.7847009238147
6.68654949792972 23.7256997444852 78.5436048011739
6.38014955489443 19.6041996851544 79.7204996082272
4.0793893882129 31.87899975287 77.6312061896152
1.16583933546097 35.9108007019195 77.8958013851098
6.66936961982179 15.0939995705415 82.2419993957724
7.26498962778425 14.7052995152642 83.5865043762641
-2.44696075560638 43.0004005944333 79.1672017256999
-3.14619079392335 46.0582995379028 80.1739008708
47.3580017999906 2.27950986829885 87.356202708429
47.2788007222084 8.09682988664604 86.9432999818393
49.1343988107643 1.33563992994505 86.5438016603647
49.1958007271702 7.57742995461818 86.0357989534175
41.5008009898907 -12.0767002110602 87.3970040464055
44.469100933832 -7.80725018055978 87.5832002407121
42.5015980122049 -13.8774001644034 86.6854029597237
45.7872999532818 -9.39180012956089 86.8685011635166
42.0791016223437 15.5995998327676 86.6267033451684
36.8078985902611 18.0106997676292 86.529703469488
44.0486976245209 15.2825999038635 85.667505326143
38.5390005854625 18.1973988426411 85.4200004746225
45.7498015522083 20.2932000619973 82.7797035579229
40.5853995249864 22.3614999909246 82.8391066659166
46.0395994967707 24.2869001247446 81.5254007449015
41.1399984775891 25.7591990535937 81.6610058243446
50.8128006304963 14.0553002226223 80.7852042542927
50.3017005499976 19.9690002675184 79.685503533137
50.9992976491334 12.1573003695467 77.7097041647506
49.7757985658855 18.2213004220694 76.2471034521504
50.6263998634971 -3.04493993431485 84.0738994514726
50.9892997868912 2.6214601082009 83.2708987168658
50.4005008775379 -4.57140979991234 81.1489043802474
51.1253008053804 0.740519252719688 80.2324006282309
28.2205003066502 38.5469019244476 80.7738074521209
32.6020993049774 38.5751000114598 80.1547044442451
34.9191013676064 33.9115980204129 80.6163052203316
39.3886983715261 33.5471990996031 80.1885021938303
41.7781973817409 32.3344002613996 77.4164991318468
34.7415003040824 38.0340002198044 76.3213004143369
41.3867983993604 30.4363004234734 73.8558000435135
35.3821973209759 36.150700407389 72.5080063245316
9.84609917083603 49.1771995755398 83.0298039900163
12.3072991586205 50.0962976094995 82.9996070280191
16.2402982117154 45.9136007108861 81.9481998232962
19.8521992028088 46.5279007761899 81.5746038445662
48.2784998734698 -5.7438493902013 71.8289043296327
48.937598805127 -0.737607333360367 70.8042995633959
46.3751978643241 -5.94016915271959 66.237199324408
46.8866997998533 -1.23515909535032 65.1597995443319
48.6719016572721 10.0320007853022 68.2032030698106
47.6535985788887 15.7169008438448 66.670199338973
46.657599657792 9.09126102527578 62.5272010298529
45.5861015806304 14.6801010841952 60.971201294615
40.2675014317116 26.4669008590017 64.2684048594179
35.2611003658655 31.3019018357303 63.354602097034
38.9325974477321 24.4327000846231 59.0892017666729
34.3740993895888 28.7406020508667 58.5247029785902
43.6203000458587 -16.8834990133359 83.7841038161759
46.9863009943939 -12.9064999938431 84.3165979959108
43.5947990543393 -17.91559989812 81.3239977677509
46.6380000037574 -14.0140998803168 81.8015989446173
42.6860010453132 -18.5035985343181 73.3228997420404
45.3992999953898 -14.7567994898526 73.1399999123332
41.6645010289523 -18.1081002988133 68.0215007627622
44.0386009806854 -14.5131992509602 67.6709989266324
12.2659990944275 54.5992007131208 80.7819022396107
9.71462904213906 58.2135007800737 78.6383024147344
18.3264991325162 51.3888018907484 78.7062040760901
13.0910990705113 55.6962009345718 76.2995042894051
22.0491991626381 48.11479923449 72.4359019144908
15.6891991062062 52.0541002476478 70.3655051128774
22.5995991816355 46.1054994110828 68.8312038189567
16.4409991306554 49.7001994068704 67.1873060007342
23.7457002467822 40.0093997719459 61.4711035302116
17.7408001978368 43.5544017389483 60.483302709332
23.5740992809033 36.7591029677246 57.254703377903
17.758199231964 40.3461009246706 56.5342025585991
4.38107898430057 62.0476988693541 75.2362026060289
1.59876897875183 62.2675018916797 73.9777036221955
4.50051900279085 60.2746999817044 72.877903522499
1.1452489970767 60.5456999850125 71.8630035422734
5.15087904630504 56.1687012313199 67.7467003282714
1.01710903737684 56.7439002062603 67.116604363969
5.76289907076351 53.8923003655659 65.060902220062
1.36418906047429 54.5890013315126 64.5477032620229
6.61047913008616 48.4557996576763 59.0805059629256
1.65578910789457 50.0829016073428 58.7574050497556
6.37397915677018 45.8979998141467 55.6827048432804
1.27462913054858 47.8707017498337 55.6165049466472
5.1375591904052 47.6946975140031 83.0145069302689
6.29769918709063 47.9532005270314 83.0637019399749
8.21031923016611 44.5950995819488 82.4329027782263
10.492299226121 44.9005996122521 82.4301027877842
14.6961993051144 38.8101007021425 81.6997024928815
19.2618003069583 38.6540987674023 81.5955004759673
18.3492993421275 35.9802017594614 81.5077013522883
24.3963993530273 35.1228978491516 81.3004032993225
22.0244994511065 27.9556007436383 82.8790999676495
22.0133984151254 30.5527987802133 82.0973010896652
28.7002994734377 26.2695008310538 82.8972048744344
29.1156994362672 28.9305988809757 81.951304998556
20.3005995322643 22.3276995699187 86.0923027069224
21.1680995096767 23.8429996384909 84.8766047762757
25.9206995451361 21.384198635344 86.2814056508045
27.1028995278734 22.4962007082416 85.0622047005537
25.7079995869961 18.7348994797126 89.5348995268115
21.9985995859653 18.7646004449419 89.2310055359955
25.2233005746982 19.5034995210779 88.517801563931
20.7157985704075 19.7886004731389 88.2696025867871
35.7340006390691 14.8921995839597 90.1377053252646
32.5756986135481 16.7986995492191 89.9882994214461
37.9216996296178 15.4043996728151 88.8618033447293
33.8261986043031 17.3113986209201 88.8137994429022
40.0275987645721 5.44244962818759 90.4047028723869
39.4598997145809 9.21408962344348 90.3459030507358
42.8456987751911 4.46103971817239 89.282205820372
42.4314987150617 8.97920972144673 89.0959030334636
37.3973009015725 -4.98065038844016 90.0183043883288
38.9756998589193 -1.71895037813463 90.2432035382191
38.9486999345757 -7.62841032308004 89.0635002607039
41.0633008866519 -3.97094030483964 89.2704024280579
29.643998987031 -11.6064004429575 88.9964990933924
32.7314989656288 -9.92440042085312 89.3949981659142
29.3656010259036 -14.7087003986485 87.9748009482595
33.0998990042014 -12.9973003699794 88.4156050208041
27.8656011426522 -26.0592986729892 72.1034014182627
33.9390981195641 -24.2166996211932 72.7102974920581
27.9237001255232 -25.5289984458971 67.2850044430494
33.5970991015508 -23.6404983931865 67.7598045198408
28.2879011506864 -25.0471001464981 82.3032004649198
34.039700126671 -23.1411000969641 82.8676995423686
28.0379011569242 -25.9189000314936 79.7844014244956
33.9837001321853 -23.9565999798597 80.3588035041815
28.8722990904792 -19.8783003207125 86.1766977064752
33.702499068214 -18.1122002811375 86.693802779288
28.657499116181 -21.9454992870845 85.4002996098283
33.9366990936551 -20.1543012431652 85.9513026828772
-3.44701101269323 61.3667978999919 72.3804065904837
-5.71058099858947 60.2462998859725 72.041706542606
-4.72491099625726 59.8469999649331 70.6381045217809
-7.23982098387665 58.8772999415361 70.4283034815141
-6.18323096280509 56.6537021418063 66.4620023748513
-9.28181095571752 56.1024021053468 66.3660013554627
-6.4672109480193 55.1470992528997 64.0169033046813
-9.94483094384301 54.8144002118983 63.9109042963564
-9.3369009594744 57.3003008343626 72.1197024118446
-10.6997009344616 55.4747007967666 72.5365033289563
-11.3848009455469 56.0078008780097 70.614002355435
-13.0148009195977 54.1080018378812 71.0095032696226
-14.7485009251313 53.8105010267311 66.5009042592891
-16.6425008995679 51.9192999891995 66.7668041744349
-15.9349009179697 52.8530011340377 63.8824052168058
-17.8850998936497 51.0336991023107 64.0089081354467
-17.6165018976723 50.2678994223419 57.2711030989125
-19.3806008751604 48.5381014070494 57.1001050213667
-17.7101008780886 48.1544006081232 53.2895049998363
-19.1106008528668 46.2034996024151 53.0168039111417
-7.18481091456162 51.7225995078244 58.3876041453367
-11.1418009155158 51.7411994713492 58.0503051545191
-7.50413089599293 49.8315016475489 55.3230060571809
-11.395900896775 49.7747006303864 54.5929030626847
-11.0753008747877 51.2036017201653 74.0616041291281
-10.0880008401279 48.7582016811568 75.1700020121927
-12.8594008454987 48.7481987676149 72.5492060175421
-11.07410079735 45.2882997374712 73.6935008512793
-16.5699018210733 46.1477999412768 67.8075069031906
-14.697100770309 42.4462009252681 68.6755027253912
-17.9304018194392 45.5320010688653 64.7082028771228
-15.8912007631936 41.4000020597394 65.4765046787577
-18.5328017937538 42.4558983961308 57.5712047339008
-16.5212007316814 37.8916023841554 58.3924025152883
-18.1945007696273 39.9753995945508 53.4421046166794
-16.2444997076765 35.4217995813147 54.2728033986988
20.3124009991163 -12.6878005168401 87.9427040621924
23.4345000037749 -12.9881004909527 88.2704020415314
18.6710000384275 -15.8387004859912 86.8238989176388
22.1511000430165 -16.1294004566529 87.1789028966769
15.7130001002061 -20.8277004314886 84.8309026895127
19.8776001064747 -21.2360003958898 85.2453006615898
14.5327001284807 -23.0956994087896 84.0154045854614
18.9556011335939 -23.4162013698979 84.4324045611201
11.6606001667733 -26.5063992945876 80.7755974312889
16.6879011698661 -26.6737002478222 81.1950994128745
10.1206001764061 -27.6408001949154 78.2201003812389
15.6061001782562 -27.7141991420635 78.6390003662729
8.71219017400758 -28.6480998619608 70.7351003368825
14.9249001721582 -28.4440987987847 71.1389013334194
8.82950015971421 -28.3400986317702 65.8674013511033
15.2427001563765 -28.0183995674602 66.3034973527475
13.1424999395121 -8.28894057934642 87.2552042838654
15.1663999669846 -10.3382005610367 87.4350981833604
11.1452999745778 -11.1347005484811 86.0358971543915
13.1680000042075 -13.341300531907 86.2524040464986
7.64768003343424 -15.9222004953451 83.9200979368631
9.66615006658875 -18.3857004816919 84.1976018169123
6.14732005722448 -17.8638994730732 83.0235988488105
8.16270009174754 -20.4270004606163 83.3256997241878
2.07588009392275 -21.1637003718638 79.7228017023653
4.18252012895188 -23.7589003600272 80.0637975760433
-0.254971893869111 -22.4935002824647 77.1633996447978
2.00361014066079 -25.0477012695777 77.5248035200825
-3.87565988743168 -24.1886999729595 69.5549015727756
-0.924204854949091 -26.5727009554534 70.0130004545999
-5.01674989542618 -24.3705997554147 64.6022035666277
-1.61447986539669 -26.5646987332395 65.0877994564251
-5.69044004697892 -12.4154999100536 67.7048041295826
-5.86479998448784 -17.0356999437634 68.3733989129343
-7.36440004649781 -13.2377996997419 62.7561010944735
-7.51162998747465 -17.602300731144 63.3832028897786
-11.3375005696024 26.0257003365767 60.8645009470531
-8.8422204762892 19.1875993046644 62.2463026206227
-11.3649005453496 23.5421015282496 56.7761028304541
-9.25320045343311 16.8050994926092 58.1293015095778
-5.75097028595562 5.23365021494817 65.026498958704
-5.31501019744832 -1.27626983375028 66.1859986520125
-6.83726027110121 3.40271040982608 60.5718018749843
-6.66248018798281 -2.74455962903755 61.4484005858752
9.95816981779089 0.8456843996975 86.8050017196122
10.5383998649156 -2.69702059898133 86.9402025519903
8.17302982313513 0.172457455663301 85.1110016917386
8.64778988404077 -4.37776055469667 85.4652034770145
4.96773983631169 -1.27923045211213 82.2453016302821
5.29848991829489 -7.36891048055285 82.9439023435506
3.54758984414413 -2.0577004158534 81.0736025966987
3.8397799334229 -8.6792504506939 81.8975992850659
0.133992903212921 -7.0204503145228 77.9554003707623
0.244108981101524 -12.7993003462189 78.661202099094
-1.89723007045314 -9.41594022195614 75.4129042625094
-1.88283999991523 -14.6470002525034 76.0673000167722
10.8123996957075 10.1635993860315 87.3364051554882
10.0951997331872 7.27596939220446 87.00310002136
8.82182968358922 10.8321994330436 85.7752021910726
8.2600597229094 7.77744944952891 85.2661000487682
16.0359986093647 16.8799984000707 88.5078984599943
13.7827996337964 14.9655993899648 88.0888013748047
13.9333995921683 18.0113994223179 87.4424005175521
11.6584996182186 15.9491994194309 86.8635054254657
11.9891995534765 20.5685005058284 85.1172056417435
9.29789958756168 17.8656995071686 84.3311025204419
12.147399531981 21.9941995670941 83.8574017083775
9.06158957248116 18.7986995654395 83.0240045647619
5.9514996667945 11.6417995313314 82.8747042351272
5.30844971043292 8.23695955368918 82.2176990765495
5.07173966211668 11.7828995826075 81.5354022436021
4.19197970823435 8.19497960052468 80.906305076922
-7.12868080082675 46.1799006037073 77.651904884874
-5.20560079555523 45.9924995666393 78.9824028720336
-7.00575075148951 42.2468986649245 76.3832056998797
-4.820810752515 42.5561976252736 77.8424037098198
-0.826503795121605 46.3162985190706 81.2278018780476
1.57538919929847 46.8763005100194 82.0966068993079
0.290774243363963 43.2752985723589 80.4078027328634
3.10959923878703 43.7825005620004 81.4218027507682
4.05827932608719 36.8441996737835 79.3090014228788
7.06784931447606 37.9211996547726 80.5609014671469
6.70849937032463 33.4541017219243 79.0301012580784
9.49198935067519 35.1538006955651 80.3748053320699
12.1758994692834 26.4085996643621 81.7946039156654
9.00307950978908 23.1756986724967 80.7283047704758
12.0459994280788 29.3974987003622 80.9916030563291
9.18088946217635 26.6198007212784 79.7398019318746
-0.711940373483088 13.3083998512973 74.1869983274004
0.133676723400315 6.23638978689207 75.796205993447
-2.5325003377593 10.2406999354187 71.8836001871309
-1.83980024118594 3.17585987380655 73.3902988538354
4.36976952667357 21.4078997563901 77.6380026971698
4.27453959315738 16.5764006969059 78.8776044704305
2.43755955599934 19.0562987703594 76.7967025907705
2.74644963386909 13.3753997127427 78.1103003232856
-8.59373063306076 32.3245009294265 70.3050032371514
-5.29984055329528 26.455199924593 71.3351009545493
-10.0363006141494 30.4627990379399 67.5887021527349
-6.88757052764788 24.1231000196323 68.8648018483427
-1.60699065593547 35.0405007302042 76.5131033500535
1.41138940140278 30.6935997731421 76.4486041395382
-4.20411064938559 34.3098977654342 75.0320013211898
-1.07305058707885 29.6310007969119 75.2432050948439
-16.2654996969451 33.0373010462309 44.3689032867411
-14.4803006394877 28.8553020214262 45.3995050865609
-14.5901006480906 28.651700272635 40.0204040772281
-12.9739005971728 25.0080002326744 41.326101902687
-10.5634004962766 18.4461009483241 48.058401589408
-9.16934041714937 12.6339009157598 49.1441023134773
-9.81421047384101 16.1015011498046 43.9798034777072
-8.76887040403519 10.9348011302297 44.6908022328283
-10.0191000724099 -13.1022991952791 51.2689031064123
-9.83746001999094 -16.9902982155315 51.7512029234085
-10.5644001001594 -11.9777989143326 45.1341031603759
-10.1053000507198 -15.6467989290423 45.5765009870761
-8.1981602638274 1.24935086600727 50.4767017766969
-8.67975019458604 -3.93892915474739 50.7830025340105
-8.45362027232813 1.09254109916512 45.4409007698678
-9.2119302133166 -3.41270889842801 45.176202559845
-8.44513032560591 3.57698155626539 35.711701886546
-8.89292027554771 -0.410119390190268 34.4457037002091
-8.16038035731446 5.28404176444715 31.3597009661301
-8.09784030621242 1.21845182460279 30.0966017750348
-8.98003017546501 -8.06473836617967 33.9100013408486
-8.6162904348313 11.9619015173605 36.4918002807516
-10.6359005355675 19.1627026143364 33.8587026232196
-15.6148008055507 41.2394000583994 44.2930026706337
-17.0321017798568 39.2235990611024 43.836501578926
-13.6388007531682 36.5138033104175 39.4838024445196
-15.1201007267163 34.4452033109355 39.0558043504663
-6.03915084154447 44.5537000099181 48.0206028062023
-9.8895008367118 43.9319010348111 46.4068027850808
-3.94994079826864 40.6021012382237 43.7481036162058
-7.71629078761495 39.5031022751528 41.9017025724934
3.08298918985517 42.3215000883397 48.9188036821997
20.2800003208478 32.3433013366682 48.4727011774062
14.692299274491 35.8210992711592 48.294501352494
17.7091993278366 31.193702486352 44.5623051288067
12.1905992843662 34.4763004149226 44.5296012945807
34.2899014630915 21.6342005073521 48.7825036449738
30.4465004166581 25.1409014580715 48.7498048177566
30.9337994580225 21.3133006712799 44.347803636948
27.1720994150632 24.5622026216141 44.3463007974501
40.2503006363176 8.77053151579216 50.2806040282418
39.0093985713664 13.5362015427957 49.3564022546947
36.2727996133005 9.6080417303772 44.5925010759322
35.2832975531658 14.0874017376418 44.1593042884089
41.0013998255538 -4.90341866313228 54.3013013843887
40.9285007646525 -0.529425595434253 52.8395015899916
37.8442987959491 -3.56748843775191 48.6143014537675
37.4262007375415 0.563722641403654 46.8114026486916
37.8287999771887 -15.9602988268467 56.8937008717002
39.4410019326072 -12.6838987773058 56.2928020222099
35.5071979404351 -14.0094986123596 51.6738019682056
36.6571008955478 -10.7588985544595 50.7648021184743
27.7983000726462 -23.1534989673116 57.0606995548917
32.2165990487901 -21.3190979177948 57.2501986317775
27.4424990377131 -21.2508987533013 52.4043016450054
31.0313000116716 -19.2969997012103 52.3055007292459
10.3692001012783 -25.7054990834517 54.6272014716194
16.7661990992583 -25.4088980414088 55.5327994721188
11.9015000558335 -23.1860987917619 48.8484995867401
18.0345990599576 -23.2332977889672 50.515400571645
-5.90404994044606 -22.8071982224731 53.006199641925
-1.62411991719082 -24.485700189652 53.5121995540976
-5.3396599791793 -20.8651989229419 46.7881017319571
-0.63677896051049 -22.2048998821378 47.2431986591553
-9.20354061700469 24.8344017774985 30.788202886616
-10.9211005940958 23.1281007469921 30.9542038100762
-7.41856053783852 18.3377019516827 27.582302577713
-9.07926052283791 17.3304018920923 28.3835015338864
27.4505995437595 13.5648019990615 36.3889032803089
22.5307994404033 21.5934008714668 37.7205036677489
12.5816993537678 28.1508027384708 37.751402996646
1.67171932526029 29.9114017111976 35.2610051022511
-2.47318065575607 28.1271017594721 33.0665050271445
4.58549940858862 22.9928019319837 31.3807017711608
-0.392794573434609 21.2810019703196 29.1632027012095
30.867900754421 -1.92363808722221 39.1878025456293
29.3820986875318 2.82527198485274 37.2351017718091
26.340598736705 -1.21736795967234 35.1979005883096
24.2096996534781 4.75795210661155 33.1869028734495
14.9486996841659 1.73137219284658 28.7441027507346
11.4636995889328 8.75648219931029 27.6255020880272
9.80365966699105 2.6318522426839 26.2348018038343
5.76738958912644 8.39537222646652 25.4439010830265
-6.62620039272845 7.04708205548057 25.59550304572
-5.74077032859072 2.13095208647376 25.1849018129464
-4.69721038698012 6.41755213859017 24.3691030121001
-3.80464030988584 0.621406140123762 24.5877017379764
-5.72949018658072 -7.88207812857364 29.7664003426029
-5.53091010689259 -13.1341983551421 34.6459020954898
-3.3110801642507 -9.53395810754219 29.9994002599347
-1.98541009089621 -14.3093983185133 34.864102032845
17.8313999536405 -16.6868973495838 41.1038028795612
17.1972008705122 -11.2349981109073 35.8439001369728
12.6567999263178 -15.177598253204 37.5952999613196
12.5038998361207 -9.24194799311458 32.0150002404428
25.9220999368445 -14.9850983702254 43.8207029425074
30.342299857862 -9.21458825169277 42.5414022042713
4.38563982594196 -8.914247969681 29.2309012728816
1.76981969201796 0.448893222263898 24.4081017181682
2.06287900112759 61.0329017624321 76.8600055632308
5.22165905514359 57.5190006351723 80.4585083915474
4.15930911923483 52.9690015331642 82.3312041800611
2.09799913749895 51.5418005194656 82.0426071173527
-0.508489852858666 50.6706995269484 81.1496010819094
-4.63734085664568 50.6132005740775 78.9840050878783
-6.96288089400082 53.0414006607706 76.4837082068158
-6.26275095491914 57.3329997634384 74.4950074069255
-2.68784098825635 59.9161987924241 74.8842055207538
24.4009986516562 13.9041994447658 89.9110053026542
30.3728996777294 12.0277994954532 90.5129032019786
33.7200007507261 6.53933953009766 90.7175009371532
33.1596978375782 -0.0747034639519892 90.433099627663
29.0967999013164 -4.99765048743092 89.7893004049595
23.2585999187795 -6.43249053088775 89.0710993498228
18.0675998862365 -4.04894057652033 88.5813994726799
15.2283998191775 1.00046939258192 88.4400037158163
15.4206997411468 6.94042938380459 88.681001994417
18.3749006745504 12.0589993987027 89.1953982286371
